1725714102777 0.8059200644493103 0
1725714105798 0.7831343412399292 1
1725714106720 0.7697360515594482 2
1725714108523 0.7555201053619385 3
1725714109218 0.7425090074539185 4
1725714109957 0.7312886714935303 5
1725714110848 0.7219926118850708 6
1725714111421 0.7145437598228455 7
1725714112192 0.7086868286132812 8
1725714113823 0.7041995525360107 9
1725714115426 0.7008336782455444 10
1725714116145 0.698391318321228 11
1725714116664 0.6966558694839478 12
1725714117606 0.6954546570777893 13
1725714118728 0.6946348547935486 14
1725714120291 0.6940798163414001 15
1725714121330 0.6937158107757568 16
1725714123743 0.6934822797775269 17
1725714124426 0.6933396458625793 18
1725714125957 0.6932579874992371 19
1725714127694 0.693210780620575 20
1725714128585 0.6931831240653992 21
1725714129754 0.6931669116020203 22
1725714130915 0.6931575536727905 23
1725714132018 0.6931525468826294 24
1725714132616 0.6931498050689697 25
1725714133456 0.6931484937667847 26
1725714134587 0.6931480765342712 27
1725714136159 0.6931476593017578 28
1725714137700 0.6931478977203369 29
1725714138156 0.6931471824645996 30
1725714138961 0.6931471824645996 31
1725714139686 0.6931471824645996 32
1725714140735 0.6931471228599548 33
1725714142147 0.6931471824645996 34
1725714142918 0.6931471824645996 35
1725714143691 0.6931471228599548 36
1725714144996 0.6931471824645996 37
1725714145674 0.6931471824645996 38
1725714146675 0.6931471824645996 39
1725714147767 0.6931471824645996 40
1725714149033 0.6931471824645996 41
1725714150332 0.6931471824645996 42
1725714151623 0.6931471824645996 43
1725714152847 0.6931471824645996 44
1725714153686 0.6931471824645996 45
1725714155259 0.6931471824645996 46
1725714157566 0.6931471824645996 47
1725714158365 0.6931471824645996 48
1725714160321 0.6931471824645996 49
1725714161684 0.6931472420692444 50
1725714162541 0.6931471824645996 51
1725714163735 0.6931471824645996 52
1725714164664 0.6931473612785339 53
1725714166264 0.6931472420692444 54
1725714167450 0.6931471824645996 55
1725714168510 0.6931471824645996 56
1725714170280 0.6931471824645996 57
1725714171053 0.6931471824645996 58
1725714171981 0.6931472420692444 59
1725714173056 0.6931471824645996 60
1725714174208 0.6931471824645996 61
1725714175146 0.6931471824645996 62
1725714176172 0.6931471824645996 63
1725714176807 0.6931472420692444 64
1725714177561 0.6931471824645996 65
1725714178393 0.6931471228599548 66
1725714179904 0.6931471824645996 67
1725714181078 0.6931471824645996 68
1725714181926 0.6931471824645996 69
1725714182785 0.6931471824645996 70
1725714183605 0.6931471824645996 71
1725714185145 0.6931471824645996 72
1725714186593 0.6931472420692444 73
1725714187148 0.6931472420692444 74
1725714187871 0.6931471824645996 75
1725714189097 0.6931471824645996 76
1725714190282 0.6931471824645996 77
1725714191086 0.6931471824645996 78
1725714191737 0.6931471824645996 79
1725714193275 0.6931471824645996 80
1725714194066 0.6931471824645996 81
1725714194972 0.6931472420692444 82
1725714195800 0.6931472420692444 83
1725714197139 0.6931471824645996 84
1725714197801 0.6931471824645996 85
1725714199501 0.6931472420692444 86
1725714201038 0.6931472420692444 87
1725714201713 0.6931471824645996 88
1725714202633 0.6931471824645996 89
1725714203915 0.6931472420692444 90
1725714204794 0.6931472420692444 91
1725714205718 0.6931471824645996 92
1725714206502 0.6931472420692444 93
1725714208321 0.6931473612785339 94
1725714208724 0.6931471824645996 95
1725714210152 0.6931472420692444 96
1725714211006 0.6931471824645996 97
1725714212116 0.6931471824645996 98
1725714214146 0.6931471824645996 99
1725714216074 0.6931472420692444 100
1725714217455 0.6931471824645996 101
1725714219038 0.6931471824645996 102
1725714221161 0.6931471824645996 103
1725714223086 0.6931471824645996 104
1725714224937 0.6931471824645996 105
1725714226024 0.6931471824645996 106
1725714280226 0.6931471824645996 107
1725714280969 0.6931471228599548 108
1725714281889 0.6931471824645996 109
1725714282491 0.6931471824645996 110
1725714283686 0.6931471824645996 111
1725714284174 0.6931471824645996 112
1725714285329 0.6931471824645996 113
1725714286048 0.6931471824645996 114
1725714287641 0.6931471824645996 115
1725714288627 0.6931471824645996 116
1725714289553 0.6931471824645996 117
1725714290789 0.6931471824645996 118
1725714292302 0.6931471824645996 119
1725714293927 0.6931471824645996 120
1725714294630 0.6931471824645996 121
1725714295839 0.6931471824645996 122
1725714297920 0.6931472420692444 123
1725714298619 0.6931471824645996 124
1725714299326 0.6931471824645996 125
1725714300504 0.6931471824645996 126
1725714301359 0.6931471824645996 127
1725714302640 0.6931471824645996 128
1725714303241 0.6931471824645996 129
1725714304547 0.6931471824645996 130
1725714306358 0.6931471824645996 131
1725714307480 0.6931472420692444 132
1725714309231 0.6931471824645996 133
1725714310794 0.6931471824645996 134
1725714311611 0.6931471824645996 135
1725714312666 0.6931471228599548 136
1725714315318 0.6931471824645996 137
1725714315934 0.6931472420692444 138
1725714316886 0.6931471824645996 139
1725714317556 0.6931471824645996 140
1725714319731 0.6931471824645996 141
1725714321714 0.6931472420692444 142
1725714322547 0.6931471824645996 143
1725714323105 0.6931471824645996 144
1725714323998 0.6931471824645996 145
1725714324936 0.6931471824645996 146
1725714327073 0.6931472420692444 147
1725714327719 0.6931472420692444 148
1725714328416 0.6931471824645996 149
1725714329902 0.6931471824645996 150
1725714330621 0.6931471824645996 151
1725714331514 0.6931471824645996 152
1725714333061 0.6931471824645996 153
1725714334059 0.6931471824645996 154
1725714335265 0.6931471824645996 155
1725714336862 0.6931471824645996 156
1725714337784 0.6931472420692444 157
1725714338673 0.6931471228599548 158
1725714340150 0.6931471824645996 159
1725714341642 0.6931471824645996 160
1725714342647 0.6931471824645996 161
1725714343638 0.6931471824645996 162
1725714344244 0.6931471824645996 163
1725714345331 0.6931471824645996 164
1725714345989 0.6931472420692444 165
1725714347091 0.6931471824645996 166
1725714348176 0.6931471824645996 167
1725714349573 0.6931471824645996 168
1725714351091 0.6931472420692444 169
1725714352040 0.6931471824645996 170
1725714353050 0.6931471824645996 171
1725714354486 0.6931471824645996 172
1725714355619 0.6931471824645996 173
1725714357307 0.6931471824645996 174
1725714357798 0.6931471824645996 175
1725714359944 0.6931471824645996 176
1725714361014 0.6931471824645996 177
1725714362127 0.6931472420692444 178
1725714362895 0.6931471824645996 179
1725714363517 0.6931473612785339 180
1725714364475 0.6931471824645996 181
1725714365484 0.6931471824645996 182
1725714366365 0.6931471824645996 183
1725714368402 0.6931471824645996 184
1725714369510 0.6931471824645996 185
1725714370413 0.6931471824645996 186
1725714371269 0.6931471824645996 187
1725714373052 0.6931471824645996 188
1725714374316 0.6931471824645996 189
1725714375496 0.6931471228599548 190
1725714376445 0.6931471824645996 191
1725714377320 0.6931471824645996 192
1725714378922 0.6931471824645996 193
1725714380407 0.6931471824645996 194
1725714381972 0.6931471824645996 195
1725714383404 0.6931471824645996 196
1725714383950 0.6931471824645996 197
1725714385510 0.6931472420692444 198
1725714386422 0.6931471824645996 199
1725714387258 0.6931471824645996 200
1725714389028 0.6931471824645996 201
1725714390063 0.6931472420692444 202
1725714392371 0.6931471824645996 203
1725714393226 0.6931471824645996 204
1725714394308 0.6931471228599548 205
1725714394970 0.6931471824645996 206
1725714396644 0.6931471824645996 207
1725714397417 0.6931471824645996 208
1725714399214 0.6931471824645996 209
1725714400832 0.6931471824645996 210
1725714401859 0.6931471824645996 211
1725714403551 0.6931471824645996 212
1725714404254 0.6931471824645996 213
1725714406415 0.6931471824645996 214
1725714407402 0.6931471824645996 215
1725714408251 0.6931471824645996 216
1725714409530 0.6931471824645996 217
1725714410723 0.6931471824645996 218
1725714412296 0.6931472420692444 219
1725714412947 0.6931471824645996 220
1725714414218 0.6931471824645996 221
1725714415988 0.6931471824645996 222
1725714416592 0.6931471824645996 223
1725714417537 0.6931471824645996 224
1725714418408 0.6931471824645996 225
1725714419237 0.6931471824645996 226
1725714420172 0.6931472420692444 227
1725714420587 0.6931471824645996 228
1725714421455 0.6931471824645996 229
1725714423842 0.6931471824645996 230
1725714424506 0.6931472420692444 231
1725714425201 0.6931471824645996 232
1725714426795 0.6931471824645996 233
1725714427455 0.6931471824645996 234
1725714429259 0.6931471824645996 235
1725714430356 0.6931471824645996 236
1725714431812 0.6931471824645996 237
1725714432527 0.6931471824645996 238
1725714433411 0.6931471824645996 239
1725714434041 0.6931471824645996 240
1725714435395 0.6931471824645996 241
1725714437350 0.6931471228599548 242
1725714438280 0.6931471824645996 243
1725714439103 0.6931471824645996 244
1725714440236 0.6931471824645996 245
1725714441031 0.6931471824645996 246
1725714442053 0.6931471824645996 247
1725714443327 0.6931471824645996 248
1725714444195 0.6931471824645996 249
1725714444724 0.6931471824645996 250
1725714446206 0.6931472420692444 251
1725714447933 0.6931471824645996 252
1725714449256 0.6931471824645996 253
1725714451213 0.6931471824645996 254
1725714453460 0.6931471824645996 255
1725714454791 0.6931472420692444 256
1725714456044 0.6931471824645996 257
1725714457490 0.6931471824645996 258
1725714458323 0.6931471824645996 259
1725714459001 0.6931471824645996 260
1725714460170 0.6931472420692444 261
1725714460786 0.6931471824645996 262
1725714461941 0.6931471824645996 263
1725714463511 0.6931472420692444 264
1725714464301 0.6931471824645996 265
1725714465081 0.6931471824645996 266
1725714465584 0.6931471824645996 267
1725714466194 0.6931471824645996 268
1725714469021 0.6931471824645996 269
1725714469924 0.6931471824645996 270
1725714470663 0.6931471824645996 271
1725714471372 0.6931471824645996 272
1725714472111 0.6931471824645996 273
1725714473126 0.6931471824645996 274
1725714474560 0.6931471824645996 275
1725714475530 0.6931471824645996 276
1725714476454 0.6931471824645996 277
1725714477397 0.6931471824645996 278
1725714478915 0.6931472420692444 279
1725714479874 0.6931471824645996 280
1725714480910 0.6931471824645996 281
1725714482025 0.6931471824645996 282
1725714482921 0.6931471824645996 283
1725714483722 0.6931471824645996 284
1725714484580 0.6931471228599548 285
1725714486216 0.6931471228599548 286
1725714487749 0.6931471824645996 287
1725714489072 0.6931471824645996 288
1725714490203 0.6931471824645996 289
1725714491116 0.6931471824645996 290
1725714491939 0.6931471824645996 291
1725714492751 0.6931471824645996 292
1725714493532 0.6931471824645996 293
1725714494856 0.6931471824645996 294
1725714495907 0.6931471824645996 295
1725714496585 0.6931471824645996 296
1725714497148 0.6931471824645996 297
1725714497987 0.6931471824645996 298
1725714498606 0.6931471824645996 299
1725714499354 0.6931471824645996 300
