1725673168819 0.8104093670845032 0
1725673169744 0.802721381187439 1
1725673171042 0.799742579460144 2
1725673173164 0.7961825132369995 3
1725673174424 0.792325496673584 4
1725673175351 0.788337767124176 5
1725673176565 0.7843686938285828 6
1725673177846 0.7804237008094788 7
1725673178699 0.776542067527771 8
1725673180222 0.7727536559104919 9
1725673181539 0.769080638885498 10
1725673182588 0.7654954195022583 11
1725673183647 0.7620166540145874 12
1725673185304 0.7586475610733032 13
1725673186272 0.7554097771644592 14
1725673188758 0.7523022294044495 15
1725673189689 0.7492896914482117 16
1725673191629 0.746421217918396 17
1725673192941 0.7436641454696655 18
1725673194108 0.7410265803337097 19
1725673195604 0.7384896874427795 20
1725673198043 0.7360654473304749 21
1725673198793 0.7337431311607361 22
1725673199909 0.7315194010734558 23
1725673201084 0.7294126749038696 24
1725673203961 0.7273898124694824 25
1725673204655 0.7254763841629028 26
1725673206122 0.7236409187316895 27
1725673209426 0.7219052910804749 28
1725673210179 0.7202348709106445 29
1725673211637 0.7186615467071533 30
1725673212663 0.7171694040298462 31
1725673213933 0.715742290019989 32
1725673214952 0.7143902778625488 33
1725673217070 0.7131174802780151 34
1725673217838 0.7119064927101135 35
1725673218681 0.710762083530426 36
1725673219592 0.7096751928329468 37
1725673220951 0.7086427807807922 38
1725673222161 0.7076788544654846 39
1725673223855 0.7067520022392273 40
1725673225017 0.7058864235877991 41
1725673226404 0.7050738334655762 42
1725673227363 0.7043017745018005 43
1725673229167 0.7035765051841736 44
1725673230820 0.7028934359550476 45
1725673231672 0.7022430300712585 46
1725673233894 0.7016373872756958 47
1725673234762 0.7010690569877625 48
1725673236020 0.7005299925804138 49
1725673237576 0.7000284194946289 50
1725673239000 0.6995548009872437 51
1725673240365 0.6991084218025208 52
1725673241539 0.6986930966377258 53
1725673243159 0.6983020305633545 54
1725673244251 0.6979396343231201 55
1725673245576 0.697600781917572 56
1725673246977 0.69728022813797 57
1725673247841 0.6969813704490662 58
1725673248776 0.6967038512229919 59
1725673251154 0.6964492797851562 60
1725673252497 0.6962063908576965 61
1725673255561 0.695988118648529 62
1725673256719 0.6957738399505615 63
1725673257677 0.6955763697624207 64
1725673259164 0.6953941583633423 65
1725673260755 0.6952242851257324 66
1725673262919 0.6950651407241821 67
1725673264037 0.6949149370193481 68
1725673265842 0.6947799921035767 69
1725673267148 0.6946510672569275 70
1725673268909 0.69453364610672 71
1725673269998 0.6944253444671631 72
1725673271094 0.694324254989624 73
1725673273532 0.6942307353019714 74
1725673275847 0.6941425204277039 75
1725673277013 0.6940622329711914 76
1725673277857 0.6939873099327087 77
1725673279089 0.69391930103302 78
1725673280793 0.6938554644584656 79
1725673281620 0.6937964558601379 80
1725673282700 0.6937426924705505 81
1725673283928 0.6936923265457153 82
1725673284839 0.6936455965042114 83
1725673286785 0.6936022639274597 84
1725673288120 0.6935635805130005 85
1725673289677 0.6935262680053711 86
1725673290649 0.6934927701950073 87
1725673292001 0.6934615969657898 88
1725673293386 0.6934327483177185 89
1725673295324 0.6934068202972412 90
1725673296291 0.6933826208114624 91
1725673297096 0.6933606266975403 92
1725673299131 0.6933404207229614 93
1725673300649 0.6933222413063049 94
1725673301987 0.6933053135871887 95
1725673303162 0.6932898759841919 96
1725673304216 0.6932746767997742 97
1725673306349 0.6932624578475952 98
1725673307622 0.6932498216629028 99
1725673309673 0.6932395696640015 100
1725673310329 0.6932298541069031 101
1725673311999 0.6932210326194763 102
1725673313109 0.6932134628295898 103
1725673314202 0.693206250667572 104
1725673315204 0.6932000517845154 105
1725673316853 0.693194568157196 106
1725673318915 0.6931896805763245 107
1725673319825 0.693185567855835 108
1725673320758 0.6931819915771484 109
1725673322477 0.6931783556938171 110
1725673323608 0.6931752562522888 111
1725673324341 0.6931722164154053 112
1725673326677 0.6931692957878113 113
1725673328111 0.6931667923927307 114
1725673329694 0.6931644678115845 115
1725673330908 0.6931625604629517 116
1725673331798 0.6931610703468323 117
1725673333901 0.6931594610214233 118
1725673335085 0.6931582689285278 119
1725673337254 0.6931571364402771 120
1725673338488 0.6931560039520264 121
1725673340174 0.6931548714637756 122
1725673340998 0.6931539177894592 123
1725673341753 0.6931530833244324 124
1725673342828 0.6931523084640503 125
1725673343842 0.6931516528129578 126
1725673345172 0.6931511163711548 127
1725673346356 0.6931506991386414 128
1725673347207 0.6931503415107727 129
1725673348426 0.693149983882904 130
1725673349689 0.693149745464325 131
1725673350577 0.6931494474411011 132
1725673353130 0.6931491494178772 133
1725673354195 0.6931488513946533 134
1725673355612 0.6931486129760742 135
1725673356632 0.6931484341621399 136
1725673358614 0.6931483149528503 137
1725673359827 0.6931481957435608 138
1725673361839 0.6931481957435608 139
1725673363098 0.6931480765342712 140
1725673363948 0.6931479573249817 141
1725673365257 0.6931478977203369 142
1725673366704 0.6931478381156921 143
1725673367589 0.6931477785110474 144
1725673368403 0.6931476593017578 145
1725673369326 0.693147599697113 146
1725673370260 0.6931475400924683 147
1725673371399 0.6931474804878235 148
1725673372593 0.6931474208831787 149
1725673373597 0.6931473612785339 150
1725673374387 0.6931472420692444 151
1725673375984 0.6931472420692444 152
1725673376921 0.6931471824645996 153
1725673378652 0.6931471824645996 154
1725673380355 0.6931471824645996 155
1725673381441 0.6931471824645996 156
1725673382989 0.6931471824645996 157
1725673384590 0.6931471824645996 158
1725673385740 0.6931471228599548 159
1725673387697 0.6931471824645996 160
1725673389719 0.6931471824645996 161
1725673391961 0.6931471824645996 162
1725673395459 0.6931471824645996 163
1725673397044 0.6931471824645996 164
1725673397853 0.6931472420692444 165
1725673398826 0.6931471824645996 166
1725673400208 0.6931472420692444 167
1725673401546 0.6931471824645996 168
1725673402598 0.6931471824645996 169
1725673403520 0.6931471824645996 170
1725673405237 0.6931471824645996 171
1725673405999 0.6931472420692444 172
1725673408039 0.6931471824645996 173
1725673409819 0.6931471824645996 174
1725673411047 0.6931471824645996 175
1725673412033 0.6931471824645996 176
1725673413922 0.6931471824645996 177
1725673416348 0.6931471824645996 178
1725673418286 0.6931472420692444 179
1725673419475 0.6931471824645996 180
1725673421153 0.6931471824645996 181
1725673423484 0.6931471228599548 182
1725673424751 0.6931471824645996 183
1725673427190 0.6931471824645996 184
1725673428498 0.6931472420692444 185
1725673429625 0.6931471824645996 186
1725673431012 0.6931471824645996 187
1725673433122 0.6931471824645996 188
1725673434116 0.6931471824645996 189
1725673435163 0.6931471824645996 190
1725673437513 0.6931471824645996 191
1725673438195 0.6931471824645996 192
1725673438875 0.6931471824645996 193
1725673440155 0.6931471824645996 194
1725673441276 0.6931471228599548 195
1725673442199 0.6931471824645996 196
1725673443303 0.6931471824645996 197
1725673444220 0.6931471824645996 198
1725673445264 0.6931471824645996 199
1725673446594 0.6931471824645996 200
1725673448579 0.6931471824645996 201
1725673449897 0.6931471824645996 202
1725673451119 0.6931471228599548 203
1725673452501 0.6931471824645996 204
1725673453844 0.6931471228599548 205
1725673455359 0.6931471824645996 206
1725673456884 0.6931471824645996 207
1725673458717 0.6931471824645996 208
1725673460446 0.6931472420692444 209
1725673461676 0.6931471824645996 210
1725673464086 0.6931471824645996 211
1725673465232 0.6931471824645996 212
1725673466324 0.6931471824645996 213
1725673467412 0.6931471824645996 214
1725673468783 0.6931472420692444 215
1725673470189 0.6931471824645996 216
1725673471071 0.6931471824645996 217
1725673472292 0.6931471824645996 218
1725673473895 0.6931471824645996 219
1725673475913 0.6931471824645996 220
1725673478389 0.6931471824645996 221
1725673479365 0.6931471824645996 222
1725673480969 0.6931471824645996 223
1725673481961 0.6931471824645996 224
1725673482787 0.6931471824645996 225
1725673484588 0.6931471824645996 226
1725673485895 0.6931471824645996 227
1725673487367 0.6931471824645996 228
1725673488217 0.6931471824645996 229
1725673489417 0.6931471824645996 230
1725673490339 0.6931471824645996 231
1725673491427 0.6931471824645996 232
1725673492588 0.6931471824645996 233
1725673494377 0.6931471824645996 234
1725673495390 0.6931471824645996 235
1725673496248 0.6931472420692444 236
1725673497637 0.6931471824645996 237
1725673498573 0.6931471824645996 238
1725673500376 0.6931471824645996 239
1725673502099 0.6931471824645996 240
1725673503189 0.6931472420692444 241
1725673504916 0.6931471824645996 242
1725673506660 0.6931471824645996 243
1725673507662 0.6931471824645996 244
1725673509626 0.6931471824645996 245
1725673510484 0.6931471824645996 246
1725673511510 0.6931472420692444 247
1725673512458 0.6931471824645996 248
1725673513663 0.6931471824645996 249
1725673515233 0.6931471824645996 250
1725673516076 0.6931471824645996 251
1725673518375 0.6931471824645996 252
1725673520504 0.6931471824645996 253
1725673521507 0.6931471824645996 254
1725673522719 0.6931471824645996 255
1725673524414 0.6931471824645996 256
1725673526200 0.6931471824645996 257
1725673527464 0.6931471824645996 258
1725673529105 0.6931471824645996 259
1725673530442 0.6931471824645996 260
1725673531402 0.6931471824645996 261
1725673532453 0.6931471228599548 262
1725673533296 0.6931471824645996 263
1725673535315 0.6931471824645996 264
1725673536162 0.6931471824645996 265
1725673537888 0.6931471824645996 266
1725673539383 0.6931471824645996 267
1725673541308 0.6931471228599548 268
1725673542276 0.6931471228599548 269
1725673543354 0.6931471824645996 270
1725673544717 0.6931471824645996 271
1725673546267 0.6931471824645996 272
1725673547425 0.6931471824645996 273
1725673548534 0.6931471824645996 274
1725673549349 0.6931471824645996 275
1725673551550 0.6931471824645996 276
1725673552629 0.6931471824645996 277
1725673554063 0.6931471824645996 278
1725673555176 0.6931471824645996 279
1725673555854 0.6931471824645996 280
1725673556965 0.6931471824645996 281
1725673558723 0.6931471228599548 282
1725673559821 0.6931471824645996 283
1725673561345 0.6931471824645996 284
1725673562358 0.6931471824645996 285
1725673563596 0.6931471824645996 286
1725673565616 0.6931471824645996 287
1725673566569 0.6931471824645996 288
1725673567351 0.6931471824645996 289
1725673570096 0.6931471824645996 290
1725673571241 0.6931471824645996 291
1725673572648 0.6931471824645996 292
1725673573692 0.6931471824645996 293
1725673574555 0.6931471824645996 294
1725673575762 0.6931471228599548 295
1725673577008 0.6931471824645996 296
1725673579783 0.6931471824645996 297
1725673581111 0.6931471824645996 298
1725673583077 0.6931471824645996 299
1725673584286 0.6931471824645996 300
