1725701340319 0.8106334209442139 0
1725701341477 0.7880520820617676 1
1725701342443 0.7689216732978821 2
1725701344429 0.7522081732749939 3
1725701345650 0.7382992506027222 4
1725701346918 0.7270302176475525 5
1725701347477 0.7180871367454529 6
1725701349729 0.7112026810646057 7
1725701350608 0.7059670686721802 8
1725701351319 0.7020719051361084 9
1725701353011 0.6992406249046326 10
1725701355889 0.6972131729125977 11
1725701358615 0.6958135962486267 12
1725701359617 0.6948601007461548 13
1725701360537 0.6942189931869507 14
1725701361330 0.6938029527664185 15
1725701362312 0.6935448050498962 16
1725701363103 0.6933857798576355 17
1725701364453 0.6932885646820068 18
1725701365568 0.693231463432312 19
1725701366238 0.6931965351104736 20
1725701367087 0.6931765079498291 21
1725701367838 0.693165123462677 22
1725701368525 0.6931572556495667 23
1725701369736 0.6931516528129578 24
1725701370582 0.693149209022522 25
1725701371736 0.6931482553482056 26
1725701372519 0.6931475400924683 27
1725701373598 0.6931471824645996 28
1725701375198 0.6931471824645996 29
1725701377183 0.6931471824645996 30
1725701378838 0.6931471824645996 31
1725701379843 0.6931471824645996 32
1725701381664 0.6931471824645996 33
1725701382958 0.6931471824645996 34
1725701385641 0.6931471824645996 35
1725701387234 0.6931471824645996 36
1725701388813 0.6931471824645996 37
1725701391018 0.6931471824645996 38
1725701392221 0.6931471824645996 39
1725701394569 0.6931471824645996 40
1725701395394 0.6931471824645996 41
1725701396148 0.6931471824645996 42
1725701398054 0.6931471824645996 43
1725701399959 0.6931471824645996 44
1725701400941 0.6931471824645996 45
1725701401745 0.6931471824645996 46
1725701402634 0.6931472420692444 47
1725701403219 0.6931471824645996 48
1725701404863 0.6931471824645996 49
1725701405943 0.6931471228599548 50
1725701407379 0.6931471824645996 51
1725701408457 0.6931471824645996 52
1725701410349 0.6931471824645996 53
1725701411500 0.6931472420692444 54
1725701412116 0.6931471824645996 55
1725701413385 0.6931472420692444 56
1725701414465 0.6931473016738892 57
1725701415298 0.6931471824645996 58
1725701416524 0.6931471824645996 59
1725701418482 0.6931471824645996 60
1725701419893 0.6931471824645996 61
1725701420910 0.6931471824645996 62
1725701421523 0.6931472420692444 63
1725701422841 0.6931471228599548 64
1725701424017 0.6931471824645996 65
1725701425702 0.6931471824645996 66
1725701426337 0.6931471824645996 67
1725701428120 0.6931472420692444 68
1725701428870 0.6931471824645996 69
1725701430337 0.6931471824645996 70
1725701431149 0.6931471824645996 71
1725701431786 0.6931471824645996 72
1725701433228 0.6931471824645996 73
1725701434115 0.6931472420692444 74
1725701435206 0.6931471824645996 75
1725701435971 0.6931471824645996 76
1725701437244 0.6931471228599548 77
1725701438897 0.6931471824645996 78
1725701440517 0.6931471824645996 79
1725701441615 0.6931471824645996 80
1725701442548 0.6931471824645996 81
1725701443264 0.6931471824645996 82
1725701443922 0.6931471824645996 83
1725701445940 0.6931474804878235 84
1725701447461 0.6931471824645996 85
1725701448972 0.6931471824645996 86
1725701449866 0.6931471824645996 87
1725701450651 0.6931471228599548 88
1725701452412 0.6931471824645996 89
1725701453834 0.6931471824645996 90
1725701454874 0.6931471824645996 91
1725701456727 0.6931471824645996 92
1725701457895 0.6931471824645996 93
1725701459072 0.6931471824645996 94
1725701460152 0.6931471824645996 95
1725701461960 0.6931471824645996 96
1725701462726 0.6931471824645996 97
1725701463531 0.6931472420692444 98
1725701464279 0.6931471824645996 99
1725701465659 0.6931471824645996 100
1725701466718 0.6931471824645996 101
1725701467776 0.6931471824645996 102
1725701468677 0.6931471824645996 103
1725701470113 0.6931471824645996 104
1725701471031 0.6931471824645996 105
1725701472323 0.6931471824645996 106
1725701473158 0.6931471824645996 107
1725701474327 0.6931471824645996 108
1725701474803 0.6931471824645996 109
1725701475747 0.6931471228599548 110
1725701477960 0.6931471824645996 111
1725701478988 0.6931471824645996 112
1725701479464 0.6931471824645996 113
1725701479957 0.6931471824645996 114
1725701480981 0.6931471824645996 115
1725701482298 0.6931471228599548 116
1725701483452 0.6931471824645996 117
1725701484669 0.6931471824645996 118
1725701485361 0.6931471824645996 119
1725701486439 0.6931471228599548 120
1725701487572 0.6931471824645996 121
1725701488778 0.6931471824645996 122
1725701489335 0.6931471824645996 123
1725701490072 0.6931471824645996 124
1725701491554 0.6931471824645996 125
1725701492862 0.6931471824645996 126
1725701493365 0.6931471824645996 127
1725701494496 0.6931472420692444 128
1725701495364 0.6931471228599548 129
1725701496935 0.6931472420692444 130
1725701497805 0.6931471824645996 131
1725701498882 0.6931471824645996 132
1725701500130 0.6931471824645996 133
1725701500645 0.6931471824645996 134
1725701501580 0.6931471228599548 135
1725701502384 0.6931471824645996 136
1725701503096 0.6931471824645996 137
1725701505354 0.6931471824645996 138
1725701507031 0.6931471824645996 139
1725701507626 0.6931472420692444 140
1725701508469 0.6931471824645996 141
1725701510037 0.6931471824645996 142
1725701510804 0.6931471824645996 143
1725701511548 0.6931472420692444 144
1725701512954 0.6931472420692444 145
1725701514150 0.6931471824645996 146
1725701517103 0.6931471824645996 147
1725701517725 0.6931471824645996 148
1725701518553 0.6931471824645996 149
1725701519170 0.6931471824645996 150
1725701520284 0.6931471824645996 151
1725701521431 0.6931471824645996 152
1725701522004 0.6931471824645996 153
1725701523028 0.6931471824645996 154
1725701523493 0.6931471824645996 155
1725701524228 0.6931471824645996 156
1725701524853 0.6931471824645996 157
1725701526742 0.6931472420692444 158
1725701528252 0.6931471824645996 159
1725701529189 0.6931471824645996 160
1725701530135 0.6931471824645996 161
1725701531397 0.6931471824645996 162
1725701532474 0.6931471824645996 163
1725701533443 0.6931471824645996 164
1725701533773 0.6931471824645996 165
1725701534994 0.6931471824645996 166
1725701536212 0.6931471824645996 167
1725701537938 0.6931471824645996 168
1725701539843 0.6931471824645996 169
1725701540400 0.6931471824645996 170
1725701541407 0.6931472420692444 171
1725701542318 0.6931471824645996 172
1725701543098 0.6931471228599548 173
1725701544585 0.6931471824645996 174
1725701544932 0.6931471824645996 175
1725701545613 0.6931471824645996 176
1725701546207 0.6931471228599548 177
1725701547120 0.6931471824645996 178
1725701548376 0.6931471824645996 179
1725701550338 0.6931471824645996 180
1725701551018 0.6931471824645996 181
1725701552567 0.6931471824645996 182
1725701553497 0.6931471824645996 183
1725701554817 0.6931471824645996 184
1725701555427 0.6931471824645996 185
1725701558190 0.6931471824645996 186
1725701558824 0.6931471824645996 187
1725701559842 0.6931472420692444 188
1725701560779 0.6931471228599548 189
1725701561619 0.6931471228599548 190
1725701563252 0.6931471824645996 191
1725701564237 0.6931471824645996 192
1725701566599 0.6931471824645996 193
1725701568241 0.6931471824645996 194
1725701569220 0.6931471824645996 195
1725701570780 0.6931471824645996 196
1725701571396 0.6931471824645996 197
1725701572228 0.6931471824645996 198
1725701572810 0.6931471824645996 199
1725701574749 0.6931471824645996 200
1725701575596 0.6931471824645996 201
1725701576191 0.6931471824645996 202
1725701577896 0.6931471824645996 203
1725701578922 0.6931471824645996 204
1725701580219 0.6931471824645996 205
1725701580942 0.6931471824645996 206
1725701581742 0.6931471824645996 207
1725701582593 0.6931471824645996 208
1725701583552 0.6931471824645996 209
1725701584807 0.6931471824645996 210
1725701586076 0.6931471824645996 211
1725701587671 0.6931471824645996 212
1725701590610 0.6931471824645996 213
1725701591751 0.6931471824645996 214
1725701592891 0.6931471824645996 215
1725701594481 0.6931471824645996 216
1725701596500 0.6931471824645996 217
1725701597781 0.6931472420692444 218
1725701598740 0.6931472420692444 219
1725701599728 0.6931471228599548 220
1725701600490 0.6931471228599548 221
1725701601140 0.6931471824645996 222
1725701602229 0.6931471824645996 223
1725701603176 0.6931471824645996 224
1725701603949 0.6931471824645996 225
1725701604469 0.6931471824645996 226
1725701605266 0.6931471824645996 227
1725701607204 0.6931471824645996 228
1725701608634 0.6931471824645996 229
1725701609318 0.6931471824645996 230
1725701609864 0.6931471824645996 231
1725701611387 0.6931471824645996 232
1725701612380 0.6931471824645996 233
1725701613378 0.6931471824645996 234
1725701614450 0.6931472420692444 235
1725701615573 0.6931471824645996 236
1725701616752 0.6931471228599548 237
1725701617551 0.6931471824645996 238
1725701618999 0.6931471824645996 239
1725701619615 0.6931471228599548 240
1725701620093 0.6931471824645996 241
1725701620503 0.6931472420692444 242
1725701621726 0.6931471824645996 243
1725701623036 0.6931471824645996 244
1725701624223 0.6931472420692444 245
1725701625153 0.6931471824645996 246
1725701626877 0.6931471228599548 247
1725701627799 0.6931471824645996 248
1725701629904 0.6931471824645996 249
1725701631029 0.6931471824645996 250
1725701632808 0.6931471824645996 251
1725701634867 0.6931472420692444 252
1725701636759 0.6931471824645996 253
1725701638462 0.6931471824645996 254
1725701640893 0.6931471824645996 255
1725701641753 0.6931471824645996 256
1725701642424 0.6931471824645996 257
1725701643436 0.6931471824645996 258
1725701644041 0.6931471824645996 259
1725701644436 0.6931471824645996 260
1725701645637 0.6931471824645996 261
1725701646660 0.6931471824645996 262
1725701648350 0.6931471824645996 263
1725701649097 0.6931471824645996 264
1725701650453 0.6931471824645996 265
1725701651677 0.6931471824645996 266
1725701652388 0.6931472420692444 267
1725701652900 0.6931471824645996 268
1725701654482 0.6931471824645996 269
1725701656125 0.6931472420692444 270
1725701656991 0.6931471824645996 271
1725701658140 0.6931471824645996 272
1725701659179 0.6931471824645996 273
1725701660660 0.6931471824645996 274
1725701662430 0.6931471824645996 275
1725701663407 0.6931471824645996 276
1725701663968 0.6931471824645996 277
1725701665169 0.6931472420692444 278
1725701666107 0.6931471824645996 279
1725701667409 0.6931471824645996 280
1725701668299 0.6931471824645996 281
1725701669254 0.6931471824645996 282
1725701670021 0.6931471824645996 283
1725701670975 0.6931471824645996 284
1725701672749 0.6931471824645996 285
1725701673219 0.6931471824645996 286
1725701674399 0.6931471824645996 287
1725701675085 0.6931471824645996 288
1725701676803 0.6931471824645996 289
1725701678375 0.6931471824645996 290
1725701679394 0.6931471228599548 291
1725701680256 0.6931471824645996 292
1725701681910 0.6931471824645996 293
1725701682900 0.6931471824645996 294
1725701684022 0.6931471824645996 295
1725701685229 0.6931471824645996 296
1725701686828 0.6931471824645996 297
1725701688296 0.6931471824645996 298
1725701689533 0.6931472420692444 299
1725701690600 0.6931471824645996 300
1725701691420 0.6931472420692444 301
1725701692650 0.6931471824645996 302
1725701693364 0.6931471824645996 303
1725701694266 0.6931471824645996 304
1725701695469 0.6931471824645996 305
1725701696545 0.6931471824645996 306
1725701697483 0.6931472420692444 307
1725701698580 0.6931471824645996 308
1725701699880 0.6931471824645996 309
1725701701578 0.6931471824645996 310
1725701702331 0.6931471824645996 311
1725701702939 0.6931471824645996 312
1725701703749 0.6931471824645996 313
1725701705586 0.6931471824645996 314
1725701706119 0.6931472420692444 315
1725701707018 0.6931471824645996 316
1725701707532 0.6931472420692444 317
1725701709015 0.6931471824645996 318
1725701709648 0.6931471824645996 319
1725701710134 0.6931471824645996 320
1725701710569 0.6931471824645996 321
1725701712254 0.6931471824645996 322
1725701713857 0.6931472420692444 323
1725701714629 0.6931471824645996 324
1725701716787 0.6931471824645996 325
1725701717672 0.6931471824645996 326
1725701718224 0.6931471824645996 327
1725701719709 0.6931471824645996 328
1725701721273 0.6931471824645996 329
1725701722758 0.6931471824645996 330
1725701723641 0.6931471824645996 331
1725701725101 0.6931471824645996 332
1725701726695 0.6931471824645996 333
1725701727528 0.6931471824645996 334
1725701728740 0.6931471824645996 335
1725701730927 0.6931471824645996 336
1725701731888 0.6931472420692444 337
1725701733310 0.6931472420692444 338
1725701734322 0.6931471824645996 339
1725701734823 0.6931471824645996 340
1725701736150 0.6931471824645996 341
1725701738666 0.6931471824645996 342
1725701739306 0.6931471824645996 343
1725701739712 0.6931471824645996 344
1725701740838 0.6931471824645996 345
1725701741894 0.6931471824645996 346
1725701742727 0.6931471824645996 347
1725701743704 0.6931471824645996 348
1725701745321 0.6931471824645996 349
1725701746383 0.6931471824645996 350
1725701747098 0.6931471824645996 351
1725701748253 0.6931471824645996 352
1725701749954 0.6931471824645996 353
1725701751260 0.6931472420692444 354
1725701752311 0.6931471228599548 355
1725701753258 0.6931471824645996 356
1725701754608 0.6931471824645996 357
1725701755332 0.6931471824645996 358
1725701756243 0.6931472420692444 359
1725701757744 0.6931471824645996 360
1725701758600 0.6931472420692444 361
1725701759341 0.6931471824645996 362
1725701761470 0.6931471824645996 363
1725701762490 0.6931471824645996 364
1725701763425 0.6931471824645996 365
1725701764632 0.6931471824645996 366
1725701766285 0.6931472420692444 367
1725701767059 0.6931471824645996 368
1725701769137 0.6931471824645996 369
1725701771245 0.6931471824645996 370
1725701772028 0.6931471824645996 371
1725701773048 0.6931471228599548 372
1725701774312 0.6931471824645996 373
1725701774891 0.6931471824645996 374
1725701775402 0.6931471228599548 375
1725701776198 0.6931471824645996 376
1725701776820 0.6931471824645996 377
1725701777818 0.6931471824645996 378
1725701780412 0.6931471824645996 379
1725701780969 0.6931471824645996 380
1725701781790 0.6931471824645996 381
1725701782435 0.6931472420692444 382
1725701783914 0.6931472420692444 383
1725701784592 0.6931471824645996 384
1725701785401 0.6931471824645996 385
1725701786301 0.6931471824645996 386
1725701786934 0.6931471824645996 387
1725701787609 0.6931471824645996 388
1725701788530 0.6931471824645996 389
1725701790009 0.6931472420692444 390
1725701791011 0.6931471824645996 391
1725701792213 0.6931471824645996 392
1725701793494 0.6931471824645996 393
1725701794589 0.6931471824645996 394
1725701795608 0.6931471824645996 395
1725701796302 0.6931471824645996 396
1725701797700 0.6931471824645996 397
1725701798715 0.6931471824645996 398
1725701799850 0.6931471824645996 399
1725701800381 0.6931471824645996 400
1725701801974 0.6931471824645996 401
1725701802750 0.6931471824645996 402
1725701803707 0.6931471824645996 403
1725701804813 0.6931471824645996 404
1725701806155 0.6931471824645996 405
1725701806927 0.6931471824645996 406
1725701807589 0.6931471824645996 407
1725701808787 0.6931471824645996 408
1725701809973 0.6931471824645996 409
1725701810591 0.6931471824645996 410
1725701811392 0.6931471824645996 411
1725701811990 0.6931471824645996 412
1725701813132 0.6931471824645996 413
1725701813602 0.6931471228599548 414
1725701814657 0.6931471824645996 415
1725701815359 0.6931471824645996 416
1725701816098 0.6931471824645996 417
1725701817210 0.6931471824645996 418
1725701818262 0.6931472420692444 419
1725701819052 0.6931471824645996 420
1725701820089 0.6931471824645996 421
1725701821445 0.6931471824645996 422
1725701822118 0.6931471228599548 423
1725701823552 0.6931471824645996 424
1725701824185 0.6931471824645996 425
1725701825702 0.6931471824645996 426
1725701826633 0.6931471824645996 427
1725701827643 0.6931471824645996 428
1725701828584 0.6931471824645996 429
1725701829417 0.6931471824645996 430
1725701830600 0.6931471824645996 431
1725701832190 0.6931471824645996 432
1725701833033 0.6931471824645996 433
1725701834361 0.6931471824645996 434
1725701835460 0.6931471824645996 435
1725701836343 0.6931471824645996 436
1725701837393 0.6931471824645996 437
1725701838959 0.6931471824645996 438
1725701840125 0.6931472420692444 439
1725701841377 0.6931471824645996 440
1725701843009 0.6931471824645996 441
1725701843857 0.6931471824645996 442
1725701845577 0.6931471824645996 443
1725701846796 0.6931471228599548 444
1725701848141 0.6931471824645996 445
1725701849578 0.6931471228599548 446
1725701850609 0.6931471824645996 447
1725701852402 0.6931471824645996 448
1725701853817 0.6931471824645996 449
1725701855576 0.6931471824645996 450
1725701856984 0.6931471824645996 451
1725701858142 0.6931471824645996 452
1725701859571 0.6931472420692444 453
1725701861059 0.6931472420692444 454
1725701862515 0.6931471824645996 455
1725701863975 0.6931471824645996 456
1725701865421 0.6931472420692444 457
1725701866373 0.6931472420692444 458
1725701867937 0.6931471824645996 459
1725701868575 0.6931471824645996 460
1725701869218 0.6931473016738892 461
1725701869838 0.6931471824645996 462
1725701871281 0.6931471824645996 463
1725701872168 0.6931471824645996 464
1725701872855 0.6931471824645996 465
1725701873680 0.6931471228599548 466
1725701874385 0.6931471824645996 467
1725701876562 0.6931471228599548 468
1725701877010 0.6931471824645996 469
1725701878353 0.6931471824645996 470
1725701879204 0.6931471824645996 471
1725701880105 0.6931471824645996 472
1725701881535 0.6931471824645996 473
1725701882440 0.6931471824645996 474
1725701883595 0.6931471824645996 475
1725701884587 0.6931471824645996 476
1725701886062 0.6931471824645996 477
1725701886808 0.6931471824645996 478
1725701889457 0.6931471824645996 479
1725701890409 0.6931471824645996 480
1725701892008 0.6931471228599548 481
1725701892708 0.6931471824645996 482
1725701893799 0.6931471824645996 483
1725701894644 0.6931471824645996 484
1725701895520 0.6931471824645996 485
1725701896371 0.6931471824645996 486
1725701897236 0.6931471824645996 487
1725701898167 0.6931471824645996 488
1725701898884 0.6931471824645996 489
1725701899730 0.6931471824645996 490
1725701900903 0.6931471824645996 491
1725701902347 0.6931471824645996 492
1725701904078 0.6931471824645996 493
1725701905119 0.6931471824645996 494
1725701905553 0.6931471824645996 495
1725701906319 0.6931471824645996 496
1725701907589 0.6931471824645996 497
1725701908855 0.6931471824645996 498
1725701909554 0.6931471824645996 499
1725701911083 0.6931471824645996 500
1725701912163 0.6931471824645996 501
1725701914008 0.6931471824645996 502
1725701914726 0.6931471824645996 503
1725701915953 0.6931471228599548 504
1725701917523 0.6931472420692444 505
1725701918390 0.6931471824645996 506
1725701919787 0.6931471824645996 507
1725701920790 0.6931471824645996 508
1725701921646 0.6931471824645996 509
1725701922587 0.6931472420692444 510
1725701923172 0.6931471228599548 511
1725701923775 0.6931471824645996 512
1725701924711 0.6931471824645996 513
1725701925496 0.6931471824645996 514
1725701925918 0.6931471824645996 515
1725701926952 0.6931471824645996 516
1725701927659 0.6931471824645996 517
1725701928663 0.6931471824645996 518
1725701929476 0.6931471824645996 519
1725701930199 0.6931471824645996 520
1725701931230 0.6931471824645996 521
1725701931928 0.6931471824645996 522
1725701933271 0.6931471824645996 523
1725701933900 0.6931471824645996 524
1725701934894 0.6931471824645996 525
1725701935426 0.6931471824645996 526
1725701936373 0.6931471824645996 527
1725701937159 0.6931471824645996 528
1725701938164 0.6931471824645996 529
1725701940353 0.6931471824645996 530
1725701940953 0.6931471824645996 531
1725701941847 0.6931471824645996 532
1725701942826 0.6931471824645996 533
1725701944579 0.6931471824645996 534
1725701945955 0.6931471824645996 535
1725701946584 0.6931471824645996 536
1725701947166 0.6931471824645996 537
1725701948160 0.6931471824645996 538
1725701948924 0.6931471824645996 539
1725701950295 0.6931471824645996 540
1725701952449 0.6931471824645996 541
1725701954219 0.6931471824645996 542
1725701955510 0.6931471824645996 543
1725701956839 0.6931471824645996 544
1725701957841 0.6931471228599548 545
1725701958921 0.6931472420692444 546
1725701959978 0.6931471824645996 547
1725701961360 0.6931471824645996 548
1725701962307 0.6931471824645996 549
1725701962838 0.6931471824645996 550
1725701964020 0.6931471824645996 551
1725701964553 0.6931471824645996 552
1725701965114 0.6931471824645996 553
1725701965932 0.6931471824645996 554
1725701966692 0.6931471824645996 555
1725701967666 0.6931471824645996 556
1725701968566 0.6931471824645996 557
1725701969858 0.6931471824645996 558
1725701971905 0.6931472420692444 559
1725701972943 0.6931471824645996 560
1725701973658 0.6931471824645996 561
1725701974516 0.6931471824645996 562
1725701976257 0.6931471824645996 563
1725701977627 0.6931471824645996 564
1725701978629 0.6931471824645996 565
1725701980267 0.6931471824645996 566
1725701981593 0.6931471228599548 567
1725701983924 0.6931471824645996 568
1725701984862 0.6931471824645996 569
1725701985691 0.6931471824645996 570
1725701986132 0.6931471824645996 571
1725701986816 0.6931471824645996 572
1725701987945 0.6931471228599548 573
1725701988657 0.6931471824645996 574
1725701989567 0.6931471824645996 575
1725701990964 0.6931471824645996 576
1725701991933 0.6931471824645996 577
1725701992789 0.6931471824645996 578
1725701993793 0.6931471824645996 579
1725701994554 0.6931471824645996 580
1725701995700 0.6931471824645996 581
1725701996590 0.6931472420692444 582
1725701997302 0.6931471824645996 583
1725701997963 0.6931471824645996 584
1725701998637 0.6931471824645996 585
1725702000202 0.6931472420692444 586
1725702001273 0.6931471824645996 587
1725702002188 0.6931471824645996 588
1725702003806 0.6931471824645996 589
1725702004972 0.6931471824645996 590
1725702005427 0.6931471824645996 591
1725702006720 0.6931472420692444 592
1725702007572 0.6931471824645996 593
1725702008343 0.6931472420692444 594
1725702009029 0.6931471824645996 595
1725702010003 0.6931471824645996 596
1725702010553 0.6931471824645996 597
1725702012229 0.6931471824645996 598
1725702013030 0.6931471824645996 599
1725702014745 0.6931471824645996 600
1725702016257 0.6931471824645996 601
1725702016999 0.6931471824645996 602
1725702017905 0.6931471824645996 603
1725702019848 0.6931472420692444 604
1725702021949 0.6931472420692444 605
1725702023181 0.6931471824645996 606
1725702023621 0.6931471824645996 607
1725702024703 0.6931473016738892 608
1725702025231 0.6931471824645996 609
1725702026050 0.6931471824645996 610
1725702027467 0.6931471824645996 611
1725702028931 0.6931471824645996 612
1725702030086 0.6931471824645996 613
1725702030913 0.6931471824645996 614
1725702031610 0.6931471824645996 615
1725702033465 0.6931472420692444 616
1725702035798 0.6931471824645996 617
1725702037043 0.6931471824645996 618
1725702038222 0.6931471824645996 619
1725702039275 0.6931471824645996 620
1725702040250 0.6931471228599548 621
1725702041794 0.6931471824645996 622
1725702043239 0.6931472420692444 623
1725702044039 0.6931471824645996 624
1725702045652 0.6931472420692444 625
1725702046460 0.6931471824645996 626
1725702047283 0.6931471824645996 627
1725702048421 0.6931472420692444 628
1725702049803 0.6931471824645996 629
1725702050779 0.6931471824645996 630
1725702052472 0.6931471824645996 631
1725702053451 0.6931471824645996 632
1725702055439 0.6931471228599548 633
1725702056969 0.6931471824645996 634
1725702058302 0.6931471824645996 635
1725702059928 0.6931471824645996 636
1725702060728 0.6931471824645996 637
1725702062474 0.6931471824645996 638
1725702063663 0.6931471824645996 639
1725702064245 0.6931471824645996 640
1725702064950 0.6931472420692444 641
1725702066221 0.6931471824645996 642
1725702067392 0.6931471824645996 643
1725702067997 0.6931471824645996 644
1725702069134 0.6931471824645996 645
1725702070651 0.6931471824645996 646
1725702071624 0.6931471824645996 647
1725702072244 0.6931471824645996 648
1725702072831 0.6931471824645996 649
1725702073807 0.6931471824645996 650
1725702074383 0.6931471824645996 651
1725702075536 0.6931471824645996 652
1725702078299 0.6931471824645996 653
1725702079858 0.6931471824645996 654
1725702081260 0.6931471824645996 655
1725702082488 0.6931471824645996 656
1725702084144 0.6931472420692444 657
1725702085101 0.6931471824645996 658
1725702086047 0.6931471228599548 659
1725702087070 0.6931471824645996 660
1725702087878 0.6931471824645996 661
1725702089631 0.6931471824645996 662
1725702091280 0.6931471824645996 663
1725702091981 0.6931471824645996 664
1725702092750 0.6931471824645996 665
1725702094210 0.6931471824645996 666
1725702094761 0.6931471824645996 667
1725702095563 0.6931471824645996 668
1725702096323 0.6931471824645996 669
1725702097042 0.6931472420692444 670
1725702098105 0.6931471824645996 671
1725702098766 0.6931471824645996 672
1725702099744 0.6931472420692444 673
1725702100339 0.6931471824645996 674
1725702101623 0.6931471824645996 675
1725702102258 0.6931471824645996 676
1725702103553 0.6931471824645996 677
1725702105680 0.6931471824645996 678
1725702106952 0.6931472420692444 679
1725702107842 0.6931471824645996 680
1725702108761 0.6931471824645996 681
1725702109433 0.6931471824645996 682
1725702110121 0.6931471824645996 683
1725702111532 0.6931471228599548 684
1725702112207 0.6931471824645996 685
1725702113003 0.6931471824645996 686
1725702113750 0.6931471824645996 687
1725702114618 0.6931471824645996 688
1725702115587 0.6931471824645996 689
1725702117625 0.6931471824645996 690
1725702118381 0.6931471824645996 691
1725702119789 0.6931471824645996 692
1725702121181 0.6931471824645996 693
1725702122661 0.6931471824645996 694
1725702123315 0.6931471824645996 695
1725702123931 0.6931471824645996 696
1725702124752 0.6931471824645996 697
1725702125668 0.6931471824645996 698
1725702126291 0.6931471824645996 699
1725702127768 0.6931471824645996 700
1725702128970 0.6931471824645996 701
1725702129972 0.6931471824645996 702
1725702130481 0.6931471824645996 703
1725702131206 0.6931471824645996 704
1725702133150 0.6931471824645996 705
1725702134010 0.6931471824645996 706
1725702134817 0.6931471824645996 707
1725702135942 0.6931471824645996 708
1725702137431 0.6931471824645996 709
1725702139287 0.6931472420692444 710
1725702141313 0.6931471228599548 711
1725702142355 0.6931471824645996 712
1725702143836 0.6931471824645996 713
1725702144511 0.6931471824645996 714
1725702145391 0.6931471228599548 715
1725702147059 0.6931471824645996 716
1725702148544 0.6931471228599548 717
1725702149245 0.6931472420692444 718
1725702150393 0.6931471824645996 719
1725702151223 0.6931471824645996 720
1725702152403 0.6931472420692444 721
1725702153252 0.6931471824645996 722
1725702154802 0.6931471824645996 723
1725702155912 0.6931471824645996 724
1725702157381 0.6931471824645996 725
1725702158604 0.6931471228599548 726
1725702159568 0.6931471824645996 727
1725702160960 0.6931472420692444 728
1725702161572 0.6931471824645996 729
1725702163418 0.6931471824645996 730
1725702163935 0.6931471824645996 731
1725702165457 0.6931471824645996 732
1725702165969 0.6931471824645996 733
1725702166916 0.6931471824645996 734
1725702167839 0.6931471824645996 735
1725702168655 0.6931471824645996 736
1725702170034 0.6931471228599548 737
1725702171346 0.6931471824645996 738
1725702172165 0.6931471824645996 739
1725702173615 0.6931471824645996 740
1725702174911 0.6931471228599548 741
1725702177505 0.6931471824645996 742
1725702178631 0.6931471824645996 743
1725702179990 0.6931471228599548 744
1725702182210 0.6931471228599548 745
1725702184016 0.6931472420692444 746
1725702185063 0.6931471824645996 747
1725702187259 0.6931471824645996 748
1725702188012 0.6931471824645996 749
1725702188975 0.6931471824645996 750
1725702190699 0.6931471228599548 751
1725702191722 0.6931471824645996 752
1725702192596 0.6931472420692444 753
1725702193541 0.6931471824645996 754
1725702194583 0.6931472420692444 755
1725702196070 0.6931471824645996 756
1725702197230 0.6931471824645996 757
1725702198453 0.6931471824645996 758
1725702200281 0.6931471824645996 759
1725702200767 0.6931471824645996 760
1725702201366 0.6931471824645996 761
1725702202230 0.6931471824645996 762
1725702203067 0.6931472420692444 763
1725702204384 0.6931471824645996 764
1725702205683 0.6931471824645996 765
1725702207163 0.6931472420692444 766
1725702207993 0.6931471824645996 767
1725702209038 0.6931471824645996 768
1725702211488 0.6931471824645996 769
1725702212890 0.6931472420692444 770
1725702213999 0.6931471824645996 771
1725702214713 0.6931471824645996 772
1725702217069 0.6931471824645996 773
1725702218518 0.6931471824645996 774
1725702220272 0.6931471824645996 775
1725702220867 0.6931471824645996 776
1725702221588 0.6931471824645996 777
1725702222471 0.6931471824645996 778
1725702223970 0.6931471824645996 779
1725702225016 0.6931471824645996 780
1725702225665 0.6931471824645996 781
1725702227068 0.6931471824645996 782
1725702227581 0.6931471824645996 783
1725702228511 0.6931471824645996 784
1725702229655 0.6931471824645996 785
1725702230638 0.6931471228599548 786
1725702231551 0.6931471824645996 787
1725702232361 0.6931471824645996 788
1725702233892 0.6931472420692444 789
1725702235472 0.6931471824645996 790
1725702237193 0.6931471824645996 791
1725702238377 0.6931471824645996 792
1725702239815 0.6931471824645996 793
1725702240688 0.6931471228599548 794
1725702241579 0.6931471824645996 795
1725702242589 0.6931472420692444 796
1725702244327 0.6931471824645996 797
1725702245966 0.6931472420692444 798
1725702246871 0.6931471824645996 799
1725702248235 0.6931471824645996 800
1725702250019 0.6931471228599548 801
1725702251218 0.6931471824645996 802
1725702252337 0.6931471824645996 803
1725702254492 0.6931471824645996 804
1725702255244 0.6931471824645996 805
1725702256022 0.6931471824645996 806
1725702256716 0.6931471824645996 807
1725702257370 0.6931471824645996 808
1725702258519 0.6931471228599548 809
1725702259452 0.6931471824645996 810
1725702260568 0.6931471824645996 811
1725702261907 0.6931471824645996 812
1725702262461 0.6931471824645996 813
1725702264195 0.6931471824645996 814
1725702264844 0.6931471824645996 815
1725702265499 0.6931471824645996 816
1725702266143 0.6931471824645996 817
1725702266539 0.6931471824645996 818
1725702267226 0.6931472420692444 819
1725702267938 0.6931471824645996 820
1725702268546 0.6931472420692444 821
1725702269584 0.6931471824645996 822
1725702271008 0.6931471824645996 823
1725702272878 0.6931471824645996 824
1725702274539 0.6931471824645996 825
1725702275320 0.6931472420692444 826
1725702276417 0.6931471824645996 827
1725702277574 0.6931471824645996 828
1725702279016 0.6931471824645996 829
1725702279999 0.6931471824645996 830
1725702280680 0.6931471824645996 831
1725702281727 0.6931471824645996 832
1725702282940 0.6931471824645996 833
1725702283454 0.6931471228599548 834
1725702284588 0.6931472420692444 835
1725702285883 0.6931472420692444 836
1725702287923 0.6931472420692444 837
1725702289250 0.6931471824645996 838
1725702290119 0.6931471824645996 839
1725702291212 0.6931471824645996 840
1725702292031 0.6931471824645996 841
1725702293480 0.6931471824645996 842
1725702294345 0.6931472420692444 843
1725702295439 0.6931471824645996 844
1725702296727 0.6931471824645996 845
1725702297455 0.6931471824645996 846
1725702298256 0.6931471824645996 847
1725702299233 0.6931471824645996 848
1725702300125 0.6931471824645996 849
1725702302039 0.6931471824645996 850
1725702303669 0.6931471228599548 851
1725702304919 0.6931471824645996 852
1725702305506 0.6931471824645996 853
1725702307260 0.6931471824645996 854
1725702307810 0.6931471824645996 855
1725702308701 0.6931471824645996 856
1725702310310 0.6931471824645996 857
1725702310787 0.6931471824645996 858
1725702311784 0.6931471824645996 859
1725702312472 0.6931471824645996 860
1725702313543 0.6931471824645996 861
1725702314566 0.6931471824645996 862
1725702315442 0.6931471824645996 863
1725702317185 0.6931471824645996 864
1725702318472 0.6931471824645996 865
1725702319521 0.6931471824645996 866
1725702320366 0.6931471824645996 867
1725702321245 0.6931471824645996 868
1725702322253 0.6931471824645996 869
1725702323950 0.6931471824645996 870
1725702324764 0.6931471824645996 871
1725702325689 0.6931471824645996 872
1725702327357 0.6931471824645996 873
1725702328605 0.6931471824645996 874
1725702329019 0.6931471824645996 875
1725702329503 0.6931471228599548 876
1725702331152 0.6931471824645996 877
1725702331813 0.6931471824645996 878
1725702332583 0.6931471824645996 879
1725702333711 0.6931471824645996 880
1725702336453 0.6931471824645996 881
1725702337542 0.6931471824645996 882
1725702338891 0.6931471824645996 883
1725702341703 0.6931471824645996 884
1725702342183 0.6931471824645996 885
1725702343600 0.6931471824645996 886
1725702344622 0.6931471824645996 887
1725702346577 0.6931472420692444 888
1725702347254 0.6931471824645996 889
1725702348501 0.6931471824645996 890
1725702349199 0.6931471824645996 891
1725702349914 0.6931471824645996 892
1725702351161 0.6931471228599548 893
1725702351864 0.6931471824645996 894
1725702353239 0.6931471824645996 895
1725702354141 0.6931471824645996 896
1725702355643 0.6931472420692444 897
1725702356437 0.6931471824645996 898
1725702358067 0.6931471824645996 899
1725702358669 0.6931471824645996 900
1725702359314 0.6931471824645996 901
1725702361788 0.6931472420692444 902
1725702362914 0.6931471824645996 903
1725702364083 0.6931471824645996 904
1725702365349 0.6931471824645996 905
1725702366583 0.6931471824645996 906
1725702367958 0.6931471824645996 907
1725702368972 0.6931471824645996 908
1725702369701 0.6931471824645996 909
1725702370915 0.6931472420692444 910
1725702372136 0.6931471824645996 911
1725702372911 0.6931471824645996 912
1725702374840 0.6931471824645996 913
1725702375326 0.6931472420692444 914
1725702376496 0.6931471824645996 915
1725702377250 0.6931471824645996 916
1725702378890 0.6931471824645996 917
1725702379534 0.6931471824645996 918
1725702381092 0.6931471824645996 919
1725702382265 0.6931471824645996 920
1725702383431 0.6931471824645996 921
1725702383860 0.6931472420692444 922
1725702385051 0.6931472420692444 923
1725702385995 0.6931472420692444 924
1725702387099 0.6931471824645996 925
1725702387906 0.6931471824645996 926
1725702388895 0.6931471228599548 927
1725702390671 0.6931471824645996 928
1725702392097 0.6931471824645996 929
1725702392577 0.6931471824645996 930
1725702393297 0.6931471824645996 931
1725702394557 0.6931471824645996 932
1725702395387 0.6931471824645996 933
1725702395874 0.6931471228599548 934
1725702398467 0.6931471824645996 935
1725702399201 0.6931471824645996 936
1725702400719 0.6931472420692444 937
1725702401462 0.6931471824645996 938
1725702402805 0.6931471824645996 939
1725702403658 0.6931472420692444 940
1725702404596 0.6931471824645996 941
1725702406780 0.6931471824645996 942
1725702409623 0.6931471824645996 943
1725702410454 0.6931471824645996 944
1725702411327 0.6931471824645996 945
1725702413315 0.6931471824645996 946
1725702414084 0.6931471824645996 947
1725702414643 0.6931471824645996 948
1725702415347 0.6931471228599548 949
1725702416443 0.6931471824645996 950
1725702417021 0.6931472420692444 951
1725702418893 0.6931471228599548 952
1725702420819 0.6931471824645996 953
1725702422546 0.6931471824645996 954
1725702423981 0.6931471824645996 955
1725702426047 0.6931471824645996 956
1725702426936 0.6931471824645996 957
1725702428498 0.6931471824645996 958
1725702430054 0.6931471824645996 959
1725702431126 0.6931472420692444 960
1725702431825 0.6931471824645996 961
1725702432786 0.6931471824645996 962
1725702435378 0.6931471824645996 963
1725702436173 0.6931472420692444 964
1725702436907 0.6931471824645996 965
1725702437759 0.6931472420692444 966
1725702438927 0.6931471824645996 967
1725702439843 0.6931471824645996 968
1725702440822 0.6931472420692444 969
1725702442418 0.6931472420692444 970
1725702444227 0.6931471824645996 971
1725702445434 0.6931471824645996 972
1725702446262 0.6931471824645996 973
1725702447837 0.6931471824645996 974
1725702449540 0.6931471824645996 975
1725702450500 0.6931472420692444 976
1725702451394 0.6931471824645996 977
1725702452448 0.6931472420692444 978
1725702453625 0.6931471824645996 979
1725702454461 0.6931471824645996 980
1725702455117 0.6931471824645996 981
1725702456005 0.6931471824645996 982
1725702457176 0.6931472420692444 983
1725702457884 0.6931471824645996 984
1725702458523 0.6931471824645996 985
1725702459700 0.6931471824645996 986
1725702461126 0.6931471824645996 987
1725702461681 0.6931471824645996 988
1725702463247 0.6931471824645996 989
1725702464241 0.6931472420692444 990
1725702465034 0.6931471824645996 991
1725702466378 0.6931471824645996 992
1725702467542 0.6931471228599548 993
1725702468215 0.6931472420692444 994
1725702469253 0.6931471824645996 995
1725702469773 0.6931471824645996 996
1725702470666 0.6931471824645996 997
1725702471420 0.6931471824645996 998
1725702472634 0.6931471824645996 999
1725702474178 0.6931471824645996 1000
1725702474834 0.6931471824645996 1001
1725702475601 0.6931471824645996 1002
1725702476301 0.6931471824645996 1003
1725702477205 0.6931471824645996 1004
1725702477899 0.6931471824645996 1005
1725702478323 0.6931471824645996 1006
1725702479100 0.6931471824645996 1007
1725702480581 0.6931471824645996 1008
1725702481572 0.6931471824645996 1009
1725702482748 0.6931471824645996 1010
1725702484366 0.6931471824645996 1011
1725702485957 0.6931471824645996 1012
1725702487487 0.6931472420692444 1013
1725702489514 0.6931472420692444 1014
1725702490530 0.6931471824645996 1015
1725702491616 0.6931471824645996 1016
1725702492374 0.6931471824645996 1017
1725702494086 0.6931471824645996 1018
1725702495238 0.6931471824645996 1019
1725702496044 0.6931471824645996 1020
1725702497464 0.6931471824645996 1021
1725702498517 0.6931471824645996 1022
1725702499055 0.6931471228599548 1023
1725702500134 0.6931471824645996 1024
1725702501261 0.6931471824645996 1025
1725702501759 0.6931471824645996 1026
1725702502680 0.6931471824645996 1027
1725702503491 0.6931471824645996 1028
1725702505075 0.6931471824645996 1029
1725702506882 0.6931471824645996 1030
1725702507639 0.6931472420692444 1031
1725702508277 0.6931471824645996 1032
1725702509782 0.6931471824645996 1033
1725702510410 0.6931471824645996 1034
1725702511550 0.6931471824645996 1035
1725702512153 0.6931471824645996 1036
1725702513303 0.6931471824645996 1037
1725702515318 0.6931471824645996 1038
1725702516568 0.6931471824645996 1039
1725702516992 0.6931471824645996 1040
1725702517971 0.6931471824645996 1041
1725702519008 0.6931471824645996 1042
1725702519931 0.6931471824645996 1043
1725702521041 0.6931471824645996 1044
1725702521679 0.6931471824645996 1045
1725702524026 0.6931471824645996 1046
1725702525149 0.6931471824645996 1047
1725702526146 0.6931471228599548 1048
1725702526627 0.6931471824645996 1049
1725702528450 0.6931471824645996 1050
1725702529424 0.6931471824645996 1051
1725702530282 0.6931471824645996 1052
1725702531266 0.6931471824645996 1053
1725702532908 0.6931471824645996 1054
1725702533864 0.6931472420692444 1055
1725702534837 0.6931471824645996 1056
1725702535712 0.6931471824645996 1057
1725702536865 0.6931472420692444 1058
1725702537885 0.6931471824645996 1059
1725702538558 0.6931471824645996 1060
1725702539229 0.6931471228599548 1061
1725702541086 0.6931471824645996 1062
1725702541921 0.6931471228599548 1063
1725702542524 0.6931471824645996 1064
1725702543154 0.6931471824645996 1065
1725702544068 0.6931471824645996 1066
1725702545101 0.6931471824645996 1067
1725702546710 0.6931471824645996 1068
1725702548670 0.6931472420692444 1069
1725702549272 0.6931471824645996 1070
1725702551801 0.6931471824645996 1071
1725702554275 0.6931471824645996 1072
1725702555320 0.6931471824645996 1073
1725702556410 0.6931471824645996 1074
1725702557336 0.6931472420692444 1075
1725702558826 0.6931472420692444 1076
1725702559508 0.6931471824645996 1077
1725702560505 0.6931471824645996 1078
1725702561660 0.6931471824645996 1079
1725702562819 0.6931472420692444 1080
1725702563618 0.6931471824645996 1081
1725702565048 0.6931471824645996 1082
1725702566025 0.6931471824645996 1083
1725702566488 0.6931471824645996 1084
1725702567166 0.6931471824645996 1085
1725702567824 0.6931471824645996 1086
1725702571154 0.6931471824645996 1087
1725702573061 0.6931471824645996 1088
1725702574061 0.6931471824645996 1089
1725702574795 0.6931471824645996 1090
1725702575497 0.6931472420692444 1091
1725702577843 0.6931471824645996 1092
1725702579482 0.6931471824645996 1093
1725702580367 0.6931471824645996 1094
1725702580993 0.6931471824645996 1095
1725702581716 0.6931471824645996 1096
1725702582812 0.6931471824645996 1097
1725702583755 0.6931471824645996 1098
1725702584427 0.6931472420692444 1099
1725702586051 0.6931471824645996 1100
1725702588077 0.6931471824645996 1101
1725702589910 0.6931471824645996 1102
1725702590792 0.6931471824645996 1103
1725702591557 0.6931472420692444 1104
1725702592121 0.6931471824645996 1105
1725702593420 0.6931471824645996 1106
1725702594428 0.6931471824645996 1107
1725702595430 0.6931471824645996 1108
1725702597372 0.6931471824645996 1109
1725702598155 0.6931472420692444 1110
1725702599264 0.6931471824645996 1111
1725702600623 0.6931472420692444 1112
1725702601512 0.6931472420692444 1113
1725702602710 0.6931471824645996 1114
1725702603657 0.6931471824645996 1115
1725702604260 0.6931471228599548 1116
1725702605367 0.6931471824645996 1117
1725702606737 0.6931472420692444 1118
1725702609467 0.6931471228599548 1119
1725702610472 0.6931471824645996 1120
1725702611979 0.6931471824645996 1121
1725702612793 0.6931471824645996 1122
1725702613607 0.6931471824645996 1123
1725702614666 0.6931471824645996 1124
1725702615869 0.6931471824645996 1125
1725702617192 0.6931471824645996 1126
1725702618137 0.6931471824645996 1127
1725702619501 0.6931471824645996 1128
1725702619865 0.6931471824645996 1129
1725702621619 0.6931471824645996 1130
1725702622266 0.6931471824645996 1131
1725702623371 0.6931471228599548 1132
1725702624847 0.6931471824645996 1133
1725702625436 0.6931471824645996 1134
1725702627046 0.6931471824645996 1135
1725702628755 0.6931471824645996 1136
1725702629386 0.6931471824645996 1137
1725702630977 0.6931471824645996 1138
1725702632212 0.6931471824645996 1139
1725702632997 0.6931471824645996 1140
1725702634892 0.6931471824645996 1141
1725702636351 0.6931471824645996 1142
1725702637360 0.6931471824645996 1143
1725702638141 0.6931471824645996 1144
1725702638982 0.6931471824645996 1145
1725702640007 0.6931471824645996 1146
1725702640814 0.6931471824645996 1147
1725702642220 0.6931472420692444 1148
1725702643124 0.6931471824645996 1149
1725702644495 0.6931471824645996 1150
1725702645149 0.6931471824645996 1151
1725702646153 0.6931471824645996 1152
1725702647030 0.6931471824645996 1153
1725702647675 0.6931471824645996 1154
1725702649058 0.6931471824645996 1155
1725702649911 0.6931471824645996 1156
1725702650846 0.6931472420692444 1157
1725702652478 0.6931471824645996 1158
1725702653070 0.6931471824645996 1159
1725702653652 0.6931471824645996 1160
1725702654598 0.6931471824645996 1161
1725702655571 0.6931472420692444 1162
1725702656340 0.6931472420692444 1163
1725702657329 0.6931471824645996 1164
1725702658242 0.6931471824645996 1165
1725702659565 0.6931471824645996 1166
1725702661216 0.6931471824645996 1167
1725702661808 0.6931471824645996 1168
1725702662857 0.6931472420692444 1169
1725702664126 0.6931471824645996 1170
1725702665917 0.6931472420692444 1171
1725702667478 0.6931471824645996 1172
1725702668716 0.6931471824645996 1173
1725702669358 0.6931471824645996 1174
1725702670434 0.6931471824645996 1175
1725702671851 0.6931472420692444 1176
1725702672656 0.6931471824645996 1177
1725702673310 0.6931471824645996 1178
1725702674108 0.6931471824645996 1179
1725702675057 0.6931471824645996 1180
1725702675853 0.6931471824645996 1181
1725702676898 0.6931471824645996 1182
1725702678406 0.6931471824645996 1183
1725702679145 0.6931471824645996 1184
1725702680351 0.6931472420692444 1185
1725702681605 0.6931471824645996 1186
1725702682437 0.6931471824645996 1187
1725702683571 0.6931471824645996 1188
1725702684639 0.6931471824645996 1189
1725702686612 0.6931471228599548 1190
1725702687794 0.6931471824645996 1191
1725702689235 0.6931471824645996 1192
1725702690269 0.6931471824645996 1193
1725702692225 0.6931471824645996 1194
1725702692850 0.6931471824645996 1195
1725702693624 0.6931471824645996 1196
1725702694490 0.6931471824645996 1197
1725702696142 0.6931471824645996 1198
1725702696705 0.6931471824645996 1199
1725702697830 0.6931471824645996 1200
1725702698579 0.6931471824645996 1201
1725702699568 0.6931471228599548 1202
1725702700281 0.6931471824645996 1203
1725702701915 0.6931471824645996 1204
1725702703197 0.6931471824645996 1205
1725702703889 0.6931471824645996 1206
1725702704466 0.6931471824645996 1207
1725702705142 0.6931471824645996 1208
1725702707477 0.6931471824645996 1209
1725702708998 0.6931471824645996 1210
1725702710784 0.6931471824645996 1211
1725702712719 0.6931471824645996 1212
1725702714190 0.6931471824645996 1213
1725702714678 0.6931471824645996 1214
1725702716151 0.6931471824645996 1215
1725702717554 0.6931471824645996 1216
1725702719198 0.6931471824645996 1217
1725702720746 0.6931471824645996 1218
1725702722246 0.6931471824645996 1219
1725702723464 0.6931471824645996 1220
1725702724425 0.6931471824645996 1221
1725702725960 0.6931472420692444 1222
1725702726784 0.6931471824645996 1223
1725702728582 0.6931471824645996 1224
1725702729813 0.6931471228599548 1225
1725702730866 0.6931471824645996 1226
1725702733057 0.6931471824645996 1227
1725702734308 0.6931471824645996 1228
1725702735400 0.6931471824645996 1229
1725702736058 0.6931472420692444 1230
1725702736651 0.6931471228599548 1231
1725702737734 0.6931471824645996 1232
1725702738224 0.6931471824645996 1233
1725702740711 0.6931471824645996 1234
1725702741814 0.6931471824645996 1235
1725702742730 0.6931471824645996 1236
1725702743398 0.6931471824645996 1237
1725702744400 0.6931471824645996 1238
1725702745616 0.6931471824645996 1239
1725702746514 0.6931471824645996 1240
1725702748596 0.6931471228599548 1241
1725702749947 0.6931471824645996 1242
1725702751044 0.6931471824645996 1243
1725702752013 0.6931471824645996 1244
1725702752731 0.6931471824645996 1245
1725702753198 0.6931471824645996 1246
1725702754727 0.6931471824645996 1247
1725702755800 0.6931471824645996 1248
1725702757152 0.6931471824645996 1249
